2.098949511672268287e+00
1.169121185310748379e+00
9.759882829970671914e-01
8.712158423311570088e-01
8.257033784449601121e-01
7.773152777727911911e-01
7.405727474829729706e-01
7.187564888922106654e-01
6.978450169282800486e-01
6.741418543182501333e-01
6.606317367673921748e-01
6.405424880380390373e-01
6.263679787892253437e-01
6.116255377320681808e-01
6.094314173690411618e-01
5.919902514109091074e-01
5.857170555571548087e-01
5.734284997687619789e-01
5.662165174564394166e-01
5.608445310692826702e-01
5.507351484819620335e-01
5.397631606334397647e-01
5.381940422038070659e-01
5.287134833496157649e-01
5.185533441014650302e-01
5.215406076246951184e-01
5.140958221820222107e-01
5.115134025020759978e-01
5.041609711106084246e-01
4.995254468517142943e-01
4.971421383408939354e-01
4.969140068122318565e-01
4.880970605281220731e-01
4.903001480543313084e-01
4.789435169276068938e-01
4.708356450886285738e-01
4.759354543886264999e-01
4.630948278583398303e-01
4.658610553901736395e-01
4.652175336425043994e-01
4.636180946506371914e-01
4.605057432571378895e-01
4.629757831777844834e-01
4.556892272804965449e-01
4.454355080989228499e-01
4.403373590136776539e-01
4.418526848624734216e-01
4.425793107617803090e-01
