4.233193277310924318e-01
6.827310924369748291e-01
7.331092436974789850e-01
7.626470588235294557e-01
7.742857142857142438e-01
7.868067226890755883e-01
7.958403361344538185e-01
8.040756302521008259e-01
8.068067226890756061e-01
8.155042016806722804e-01
8.197058823529411731e-01
8.259663865546218453e-01
8.284033613445378474e-01
8.309243697478991830e-01
8.305882352941176272e-01
8.356302521008402984e-01
8.368487394957982994e-01
8.384033613445378563e-01
8.430252100840336382e-01
8.407563025210084140e-01
8.464705882352940858e-01
8.490756302521008658e-01
8.483193277310924207e-01
8.510924369747898677e-01
8.552100840336134269e-01
8.523949579831933132e-01
8.549999999999999822e-01
8.543697478991596483e-01
8.581092436974789850e-01
8.575630252100839845e-01
8.582773109243697629e-01
8.559243697478992052e-01
8.590756302521008747e-01
8.617647058823529882e-01
8.629831932773108782e-01
8.657563025210084362e-01
8.632773109243697673e-01
8.680672268907563272e-01
8.677310924369747713e-01
8.675210084033613267e-01
8.662605042016806589e-01
8.670168067226891040e-01
8.666386554621848815e-01
8.697058823529412175e-01
8.713865546218487745e-01
8.731092436974789983e-01
8.741176470588235548e-01
8.715966386554622192e-01
