7.812732688011914117e-01
8.280900967982129934e-01
8.387937453462397386e-01
8.558265078183171504e-01
8.613179448994787712e-01
8.634586746090840981e-01
8.719285182427400915e-01
8.662509307520476209e-01
8.759307520476544706e-01
8.820737155621742875e-01
8.790953090096798039e-01
8.841213700670141895e-01
8.833767684288905686e-01
8.842144452717796144e-01
8.889612807148176143e-01
8.898920327624720850e-01
8.910089352196575163e-01
8.930565897244974183e-01
8.909158600148919804e-01
8.920327624720774118e-01
8.920327624720774118e-01
8.939873417721518889e-01
8.970588235294117974e-01
8.945457930007445491e-01
8.989203276247207386e-01
8.992926284437825490e-01
8.968726731198808366e-01
8.994787788533135098e-01
9.013402829486224510e-01
8.988272524199553137e-01
9.003164556962025555e-01
9.031087118391660784e-01
9.035740878629933137e-01
9.050632911392405555e-01
9.046909903201787451e-01
9.054355919583022549e-01
9.049702159344750196e-01
9.032017870439315033e-01
9.048771407297095948e-01
9.049702159344750196e-01
9.042256142963513987e-01
9.072970960536113072e-01
9.049702159344750196e-01
9.067386448250186470e-01
9.076693968726731176e-01
9.073901712583767321e-01
9.099032017870439804e-01
9.066455696202531112e-01
