1.040260599516970030e+00
7.477304861337856767e-01
6.639224902205917989e-01
5.933645081582215042e-01
5.684855760741570618e-01
5.461021060164260588e-01
5.234193822517381189e-01
5.195739059552982875e-01
5.024944044766103124e-01
4.724937020090206885e-01
4.724910204879224085e-01
4.627269959369880725e-01
4.481393671244360832e-01
4.492895199972040676e-01
4.369300031786256255e-01
4.279724877336001931e-01
4.217098206392616011e-01
4.189756754411305684e-01
4.124863705169950490e-01
4.140660976928645653e-01
4.103907659616562453e-01
4.060616426985386163e-01
3.978536726153793501e-01
3.949648612750970011e-01
3.910752903456485297e-01
3.821760153623987022e-01
3.844901544561336593e-01
3.887954030743483447e-01
3.708086725343809342e-01
3.792451561074245969e-01
3.727017292560078632e-01
3.664961864898565458e-01
3.674546271362858496e-01
3.649061844363109541e-01
3.609138540008222651e-01
3.632449785209997950e-01
3.586749749137497778e-01
3.629261659137898999e-01
3.561130540524501953e-01
3.623013930230201129e-01
3.512447976790873394e-01
3.450550449178543810e-01
3.592036767784375639e-01
3.472386693452954587e-01
3.419564128676547132e-01
3.472217464970725476e-01
3.388461788931801943e-01
3.412701075013147012e-01
